Frequency Contributions 
-0.372924836331 0.100001292661 0.100001926341 0.13394477595 0.133945055345 0.11620633649 0.116206336491 0.11620833407 0.116208334071 0.00839716366058 0.00839716366068 0.00842229171773 0.00842229171779 0.00842222543168 0.0084222254316 0.0083971234803 0.00839712348038 
 -0.372924833572 0.100001926341 0.100001292661 0.133945055345 0.13394477595 0.116208334071 0.116208334071 0.116206336491 0.116206336491 0.00839712348034 0.00839712348034 0.00842222543164 0.00842222543164 0.00842229171776 0.00842229171776 0.00839716366063 0.00839716366063 
 0.278953813631 0.100010083288 0.100010083288 0.133285284076 0.133285284076 0.116579075386 0.116579075385 0.116579075386 0.116579075385 0.00839185526764 0.00839185526755 0.00838138566467 0.00838138566461 0.0083813856646 0.00838138566467 0.00839185526764 0.00839185526755 
 54.1662221785 5.61254126612e-27 2.03536938933e-26 2.91982659356e-26 9.72070206873e-27 0.228851966195 0.228851966195 0.228851966195 0.228851966194 0.00748025455021 0.0074802545502 0.0136677792553 0.0136677792553 0.0136677792553 0.0136677792553 0.00748025455021 0.00748025455022 
 83.5427913837 6.91842904946e-27 1.05470974195e-27 2.55440792801e-27 6.74567200776e-27 0.229826661247 0.229826661247 0.229826661247 0.229826661247 0.00692781758699 0.006927817587 0.0132455211662 0.0132455211662 0.0132455211662 0.0132455211662 0.00692781758699 0.00692781758699 
 113.165712647 0.0601057684966 0.0621932446875 0.098091403034 0.0791925075154 0.179119923999 0.179119923999 0.150993792325 0.150993792325 0.00659818700529 0.00659818700529 0.00260560733662 0.00260560733662 0.00315507924604 0.00315507924604 0.0077359482211 0.00773594822111 
 113.165712647 0.0621932446876 0.0601057684966 0.0791925075154 0.098091403034 0.150993792325 0.150993792325 0.179119923999 0.179119923999 0.0077359482211 0.00773594822111 0.00315507924604 0.00315507924604 0.00260560733662 0.00260560733662 0.0065981870053 0.0065981870053 
 134.543722591 0.103528432615 0.103528432615 0.142688954305 0.142688954305 0.113622300809 0.113622300809 0.113622300809 0.113622300809 0.008368785845 0.008368785845 0.00490021988592 0.00490021988592 0.00490021988592 0.00490021988593 0.008368785845 0.008368785845 
 170.881779384 0.0160396043011 0.0151277187411 0.292489378645 0.313087263255 0.0646091774194 0.0646091774194 0.079196768842 0.079196768842 0.0114736344301 0.0114736344301 0.00709182922174 0.00709182922174 0.0100119562469 0.0100119562469 0.00924465136895 0.00924465136895 
 170.881779384 0.0151277187411 0.0160396043011 0.313087263255 0.292489378645 0.079196768842 0.079196768842 0.0646091774194 0.0646091774194 0.00924465136895 0.00924465136895 0.0100119562469 0.0100119562469 0.00709182922174 0.00709182922174 0.0114736344301 0.0114736344301 
 218.336911145 0.0281626855272 0.0280884782438 0.203318827795 0.2156818597 0.102740897638 0.102740897638 0.110336007119 0.110336007119 0.0138674441413 0.0138674441413 0.0109326347478 0.0109326347478 0.0115765939107 0.0115765939107 0.0129204968102 0.0129204968102 
 218.336911145 0.0280884782438 0.0281626855272 0.2156818597 0.203318827795 0.110336007119 0.110336007119 0.102740897638 0.102740897638 0.0129204968102 0.0129204968102 0.0115765939107 0.0115765939107 0.0109326347478 0.0109326347478 0.0138674441413 0.0138674441413 
 395.852480005 2.1063530661e-29 6.96204732467e-30 2.66783567052e-29 5.71813741973e-29 0.0203583410152 0.0203583410152 0.0203583410152 0.0203583410152 0.127323250091 0.127323250091 0.102318408894 0.102318408894 0.102318408894 0.102318408894 0.127323250091 0.127323250091 
 529.636370867 0.03089338166 0.00245812366645 0.00208947672426 0.0143880764935 0.0428097657597 0.0428097657597 0.00254723997634 0.00254723997634 0.00869282190394 0.00869282190394 0.197746210233 0.197746210233 0.0080200313778 0.0080200313778 0.215269401478 0.215269401478 
 529.636370867 0.00245812366645 0.03089338166 0.0143880764935 0.00208947672426 0.00254723997634 0.00254723997634 0.0428097657597 0.0428097657597 0.215269401478 0.215269401478 0.0080200313778 0.0080200313778 0.197746210233 0.197746210233 0.00869282190394 0.00869282190394 
 551.693518865 0.0382037402161 0.0382037402161 0.064476400628 0.064476400628 0.113891829336 0.113891829336 0.113891829336 0.113891829336 0.0516747178566 0.0516747178566 0.0330933823858 0.0330933823858 0.0330933823858 0.0330933823858 0.0516747178566 0.0516747178566 
 556.79894871 0.0898699569938 0.000684838957346 0.00276858708591 0.393569066679 0.156677210112 0.156677210112 0.00070498117464 0.00070498117464 0.00308679136664 0.00308679136664 0.0686869798077 0.0686869798077 0.00256263175831 0.00256263175831 0.0248351809227 0.0248351809227 
 556.79894871 0.000684838957346 0.0898699569938 0.393569066679 0.00276858708591 0.00070498117464 0.000704981174641 0.156677210112 0.156677210112 0.0248351809227 0.0248351809227 0.00256263175831 0.00256263175831 0.0686869798077 0.0686869798077 0.00308679136664 0.00308679136665 
 575.416785711 0.0434267724896 0.0434267724896 0.0752927254692 0.0752927254692 0.0998227814864 0.0998227814864 0.0998227814864 0.0998227814864 0.0562737297448 0.0562737297448 0.0345437397894 0.0345437397894 0.0345437397894 0.0345437397894 0.0562737297448 0.0562737297448 
 603.072213002 1.56177683764e-29 1.3644878003e-29 5.7625892293e-29 2.77175251047e-29 0.000713489336237 0.000713489336237 0.000713489336237 0.000713489336237 0.119084726353 0.119084726353 0.130201784311 0.130201784311 0.130201784311 0.130201784311 0.119084726353 0.119084726353 
 652.127236727 3.03149413891e-31 8.5629494193e-30 1.98351834833e-30 9.11263153689e-31 0.000789692790349 0.000789692790349 0.000789692790349 0.000789692790349 0.115196495359 0.115196495359 0.134013811851 0.134013811851 0.134013811851 0.134013811851 0.115196495359 0.115196495359 
 690.599960199 1.417403491e-31 3.55920334714e-29 7.38417953219e-30 5.18636996534e-31 0.0194598494169 0.0194598494169 0.0194598494169 0.0194598494169 0.12398745606 0.12398745606 0.106552694523 0.106552694523 0.106552694523 0.106552694523 0.12398745606 0.12398745606 
 753.789418921 0.000556073825765 0.647170780062 0.0513142762658 0.00106309442764 0.000445447335232 0.000445447335232 0.0350965151431 0.0350965151431 0.00317264559659 0.00317264559659 0.00026005538475 0.00026005538475 0.110860887285 0.110860887285 0.000112336964713 0.000112336964713 
 753.789418921 0.647170780062 0.000556073825764 0.00106309442764 0.0513142762658 0.0350965151431 0.0350965151431 0.000445447335232 0.000445447335232 0.000112336964713 0.000112336964713 0.110860887285 0.110860887285 0.00026005538475 0.00026005538475 0.00317264559659 0.00317264559659 
 788.735124951 0.000823167850015 0.117102532876 0.0389444319137 0.00627574853511 0.0049448349794 0.0049448349794 0.000622804980047 0.000622804980047 0.242492976208 0.242492976208 0.000810035219703 0.000810035219703 0.168408674862 0.168408674862 0.00114773316323 0.00114773316323 
 788.735124951 0.117102532876 0.000823167850016 0.00627574853511 0.0389444319137 0.000622804980047 0.000622804980047 0.0049448349794 0.0049448349794 0.00114773316323 0.00114773316323 0.168408674862 0.168408674862 0.000810035219702 0.000810035219702 0.242492976208 0.242492976208 
 1013.85181293 0.00503956888552 0.00503956888552 0.0942702257549 0.094270225755 0.161466186357 0.161466186357 0.161466186357 0.161466186357 0.00275947314573 0.00275947314573 0.036119443177 0.036119443177 0.036119443177 0.036119443177 0.00275947314574 0.00275947314574 
 1017.71776234 0.00185040822398 0.00185040822399 0.120658318605 0.120658318605 0.148204388148 0.148204388148 0.148204388148 0.148204388148 0.00523632029466 0.00523632029466 0.0353049281431 0.0353049281431 0.0353049281431 0.0353049281431 0.00523632029466 0.00523632029466 
 1073.04906073 0.00357254397936 0.0175037163853 0.010799908901 0.00111564174763 0.0106527043412 0.0106527043412 0.102774841819 0.102774841819 0.226773300692 0.226773300692 0.0113591367371 0.0113591367371 0.107381885305 0.107381885305 0.0245622255997 0.0245622255997 
 1073.04906073 0.0175037163853 0.00357254397935 0.00111564174763 0.010799908901 0.102774841819 0.102774841819 0.0106527043412 0.0106527043412 0.0245622255997 0.0245622255997 0.107381885305 0.107381885305 0.0113591367371 0.0113591367371 0.226773300692 0.226773300692 
 1128.03732793 0.00928644461182 0.00928644461182 0.121508162517 0.121508162517 0.0430591443892 0.0430591443892 0.0430591443892 0.0430591443892 0.0696170323418 0.0696170323418 0.0719265197044 0.0719265197044 0.0719265197044 0.0719265197044 0.0696170323418 0.0696170323418 
 1168.91630704 0.00475293493896 0.00475293493896 0.0942830836073 0.0942830836073 0.0393793786131 0.0393793786131 0.0393793786131 0.0393793786131 0.0716282107284 0.0716282107284 0.0894744013853 0.0894744013853 0.0894744013853 0.0894744013853 0.0716282107284 0.0716282107284 
 1478.93181365 0.52810883272 0.000518112019931 0.000310067036737 0.00619656183306 0.0408786494532 0.0408786494532 2.08045662428e-05 2.08045662428e-05 0.000418105181729 0.000418105181729 0.166602674892 0.166602674892 0.000249262353877 0.000249262353877 0.0242637167481 0.0242637167481 
 1478.93181365 0.000518112019931 0.52810883272 0.00619656183306 0.000310067036737 2.08045662428e-05 2.08045662428e-05 0.0408786494532 0.0408786494532 0.0242637167481 0.0242637167481 0.000249262353877 0.000249262353877 0.166602674892 0.166602674892 0.000418105181729 0.000418105181729 
 1493.85811004 0.282781269281 0.282781269281 0.0670069418658 0.0670069418658 0.00630944097245 0.00630944097245 0.00630944097245 0.00630944097245 0.0615259973413 0.0615259973413 0.00727045611266 0.00727045611266 0.00727045611266 0.00727045611266 0.0615259973413 0.0615259973413 
 1560.04149459 0.278198014408 0.278198014408 0.061553479669 0.061553479669 0.00929638273805 0.00929638273805 0.00929638273805 0.00929638273805 0.0656454733744 0.0656454733744 0.00518239684888 0.00518239684888 0.00518239684888 0.00518239684888 0.0656454733744 0.0656454733744 
 1609.98835682 1.99695711331e-05 0.15094573902 0.00130732441662 6.30816469704e-07 5.03685880723e-05 5.03685880723e-05 0.113202205547 0.113202205547 0.180550659133 0.180550659133 5.81608826515e-05 5.81608826515e-05 0.129181767833 0.129181767833 0.000820006103694 0.000820006103694 
 1609.98835682 0.15094573902 1.99695711331e-05 6.30816469704e-07 0.00130732441662 0.113202205547 0.113202205547 5.03685880723e-05 5.03685880723e-05 0.000820006103694 0.000820006103694 0.129181767833 0.129181767833 5.81608826515e-05 5.81608826515e-05 0.180550659133 0.180550659133 
 1622.35874287 0.0680847928658 0.0680847928658 0.0105445007053 0.0105445007053 0.0431446886946 0.0431446886946 0.0431446886946 0.0431446886946 0.0684458018363 0.0684458018363 0.0990948626835 0.0990948626835 0.0990948626835 0.0990948626835 0.0684458018363 0.0684458018363 
 1658.4043943 0.0635865511703 0.0635865511703 0.0138926442646 0.0138926442646 0.0345774284225 0.0345774284225 0.0345774284225 0.0345774284225 0.0641007653372 0.0641007653372 0.112582208523 0.112582208523 0.112582208523 0.112582208523 0.0641007653372 0.0641007653372 
 3308.36804287 2.33883224328e-06 4.15230574455e-05 1.07670473843e-05 7.03695609134e-05 0.000563720175409 0.000563720175409 0.0199992687547 0.0199992687547 0.117675704696 0.117675704696 0.0098244188939 0.0098244188939 0.348555187088 0.348555187088 0.00331920114313 0.00331920114313 
 3308.36804287 4.15230574455e-05 2.33883224328e-06 7.03695609134e-05 1.07670473843e-05 0.0199992687547 0.0199992687547 0.000563720175409 0.000563720175409 0.00331920114313 0.00331920114313 0.348555187088 0.348555187088 0.0098244188939 0.0098244188939 0.117675704696 0.117675704696 
 3339.57090226 0.00079840217702 0.00079840217702 0.000310916032072 0.000310916032072 0.0114630928248 0.0114630928248 0.0114630928248 0.0114630928248 0.053269669291 0.053269669291 0.18471257878 0.18471257878 0.18471257878 0.18471257878 0.053269669291 0.053269669291 
 3348.6865498 1.59046118629e-05 1.59046118629e-05 1.9774171564e-05 1.9774171564e-05 0.0112514011348 0.0112514011348 0.0112514011348 0.0112514011348 0.0950462755724 0.0950462755724 0.143684483901 0.143684483901 0.143684483901 0.143684483901 0.0950462755724 0.0950462755724 
 3457.13730047 7.47465101008e-06 1.74873569524e-07 2.23815372598e-05 2.5177397377e-06 0.0480353887602 0.0480353887603 0.000562010630888 0.000562010630888 0.00398114631377 0.00398114631377 0.10597038127 0.10597038127 0.00124340095636 0.00124340095636 0.340191397668 0.340191397668 
 3457.13730047 1.74873569523e-07 7.47465101008e-06 2.5177397377e-06 2.23815372598e-05 0.000562010630886 0.000562010630889 0.0480353887603 0.0480353887602 0.340191397668 0.340191397667 0.00124340095635 0.00124340095636 0.10597038127 0.10597038127 0.00398114631376 0.00398114631378 
 3458.87188029 1.96822377489e-08 1.96822377489e-08 3.0884251262e-05 3.0884251262e-05 0.0239848806026 0.0239848806025 0.0239848806025 0.0239848806026 0.179850496807 0.179850496807 0.046149170624 0.046149170624 0.046149170624 0.046149170624 0.179850496807 0.179850496807 
 3490.64907276 0.000436660534081 0.000436660534081 0.00017770407781 0.00017770407781 0.0239476000863 0.0239476000863 0.0239476000863 0.0239476000863 0.138165395216 0.138165395216 0.0875798223917 0.0875798223917 0.0875798223917 0.0875798223917 0.138165395216 0.138165395216 
 