Frequency Contributions 
-0.0462367827411 0.100001926341 0.100001292661 0.133945055345 0.13394477595 0.116208334071 0.116208334071 0.11620633649 0.11620633649 0.00839712348032 0.00839712348033 0.00842222543162 0.00842222543161 0.00842229171778 0.00842229171778 0.00839716366065 0.00839716366065 
 -0.0462367826543 0.100001292661 0.100001926341 0.13394477595 0.133945055345 0.11620633649 0.116206336489 0.116208334072 0.116208334071 0.00839716366068 0.00839716366062 0.00842229171781 0.00842229171775 0.00842222543159 0.00842222543164 0.00839712348036 0.00839712348029 
 0.0345858616765 0.100010083288 0.100010083288 0.133285284076 0.133285284076 0.116579075385 0.116579075386 0.116579075385 0.116579075386 0.00839185526757 0.00839185526762 0.00838138566462 0.00838138566466 0.00838138566466 0.00838138566462 0.00839185526756 0.00839185526763 
 6.71575504313 2.21392815367e-27 3.36838526031e-27 5.74868856083e-27 1.85649981267e-27 0.228851966194 0.228851966195 0.228851966195 0.228851966195 0.00748025455021 0.00748025455021 0.0136677792553 0.0136677792553 0.0136677792553 0.0136677792553 0.00748025455021 0.00748025455021 
 10.3579851056 4.48829055926e-27 2.35194298535e-27 2.75467380038e-27 5.84227552956e-27 0.229826661247 0.229826661247 0.229826661247 0.229826661247 0.00692781758699 0.00692781758699 0.0132455211662 0.0132455211662 0.0132455211662 0.0132455211662 0.00692781758699 0.006927817587 
 14.0307589278 0.0621932440458 0.0601057691384 0.0791925133258 0.0980913972238 0.150993800972 0.150993800972 0.179119915352 0.179119915352 0.00773594787131 0.00773594787131 0.00315507907711 0.00315507907711 0.00260560750555 0.00260560750555 0.00659818735509 0.00659818735509 
 14.0307589278 0.0601057691384 0.0621932440458 0.0980913972237 0.0791925133257 0.179119915352 0.179119915352 0.150993800972 0.150993800972 0.00659818735509 0.00659818735509 0.00260560750555 0.00260560750555 0.00315507907711 0.00315507907711 0.00773594787131 0.00773594787131 
 16.6812941196 0.103528432615 0.103528432615 0.142688954305 0.142688954305 0.113622300809 0.113622300809 0.113622300809 0.113622300809 0.008368785845 0.008368785845 0.00490021988593 0.00490021988592 0.00490021988593 0.00490021988593 0.008368785845 0.008368785845 
 21.186638564 0.015127718864 0.0160396041782 0.313087260478 0.292489381422 0.0791967668756 0.0791967668756 0.0646091793857 0.0646091793857 0.00924465166941 0.00924465166941 0.0100119558533 0.0100119558533 0.00709182961537 0.00709182961537 0.0114736341297 0.0114736341297 
 21.186638564 0.0160396041782 0.015127718864 0.292489381422 0.313087260478 0.0646091793857 0.0646091793857 0.0791967668756 0.0791967668756 0.0114736341297 0.0114736341297 0.00709182961537 0.00709182961537 0.0100119558533 0.0100119558533 0.00924465166941 0.00924465166941 
 27.0703245149 0.0281626855141 0.0280884782569 0.203318829978 0.215681857517 0.102740898979 0.102740898979 0.110336005778 0.110336005778 0.0138674439741 0.0138674439741 0.0109326348615 0.0109326348615 0.011576593797 0.011576593797 0.0129204969775 0.0129204969775 
 27.0703245149 0.0280884782569 0.0281626855141 0.215681857517 0.203318829978 0.110336005778 0.110336005778 0.102740898979 0.102740898979 0.0129204969775 0.0129204969775 0.011576593797 0.011576593797 0.0109326348615 0.0109326348615 0.0138674439741 0.0138674439741 
 49.0794480768 2.62388358923e-30 2.15784430169e-30 1.35149346827e-29 5.34050560954e-31 0.0203583410152 0.0203583410152 0.0203583410152 0.0203583410152 0.127323250091 0.127323250091 0.102318408894 0.102318408894 0.102318408894 0.102318408894 0.127323250091 0.127323250091 
 65.666535077 0.0308933816618 0.00245812366461 0.00208947672346 0.0143880764943 0.0428097657623 0.0428097657623 0.00254723997374 0.00254723997374 0.00869282189059 0.00869282189059 0.197746210245 0.197746210245 0.00802003136554 0.00802003136554 0.215269401491 0.215269401491 
 65.666535077 0.00245812366461 0.0308933816618 0.0143880764943 0.00208947672346 0.00254723997374 0.00254723997374 0.0428097657623 0.0428097657623 0.215269401491 0.215269401491 0.00802003136554 0.00802003136554 0.197746210245 0.197746210245 0.00869282189059 0.00869282189059 
 68.4012726486 0.0382037402161 0.0382037402161 0.064476400628 0.064476400628 0.113891829336 0.113891829336 0.113891829336 0.113891829336 0.0516747178566 0.0516747178566 0.0330933823858 0.0330933823858 0.0330933823858 0.0330933823858 0.0516747178566 0.0516747178566 
 69.0342652194 0.0898699569944 0.000684838956775 0.00276858708341 0.393569066682 0.156677210113 0.156677210113 0.000704981173642 0.000704981173642 0.00308679136651 0.00308679136651 0.0686869798082 0.0686869798081 0.00256263175788 0.00256263175788 0.0248351809229 0.0248351809229 
 69.0342652194 0.000684838956775 0.0898699569944 0.393569066682 0.00276858708341 0.000704981173642 0.000704981173642 0.156677210113 0.156677210113 0.0248351809229 0.0248351809229 0.00256263175788 0.00256263175788 0.0686869798082 0.0686869798081 0.00308679136651 0.00308679136651 
 71.3425826117 0.0434267724896 0.0434267724896 0.0752927254692 0.0752927254692 0.0998227814864 0.0998227814864 0.0998227814864 0.0998227814864 0.0562737297448 0.0562737297448 0.0345437397894 0.0345437397894 0.0345437397894 0.0345437397894 0.0562737297448 0.0562737297448 
 74.7714182926 1.52241733544e-30 5.76888606395e-31 1.72701303682e-30 1.61872855154e-30 0.000713489336237 0.000713489336237 0.000713489336237 0.000713489336237 0.119084726353 0.119084726353 0.130201784311 0.130201784311 0.130201784311 0.130201784311 0.119084726353 0.119084726353 
 80.8534655486 2.49289272279e-30 3.64709396701e-31 3.19457319248e-30 5.43965194151e-30 0.000789692790349 0.000789692790349 0.000789692790349 0.000789692790349 0.115196495359 0.115196495359 0.134013811851 0.134013811851 0.134013811851 0.134013811851 0.115196495359 0.115196495359 
 85.6234749066 9.63543395119e-31 5.67493429447e-30 8.8682793646e-30 8.50973318865e-31 0.0194598494169 0.0194598494169 0.0194598494169 0.0194598494169 0.12398745606 0.12398745606 0.106552694523 0.106552694523 0.106552694523 0.106552694523 0.12398745606 0.12398745606 
 93.4579686006 0.000556073825765 0.647170780062 0.0513142762658 0.00106309442764 0.000445447335232 0.000445447335232 0.0350965151431 0.0350965151431 0.00317264559659 0.00317264559659 0.00026005538475 0.00026005538475 0.110860887285 0.110860887285 0.000112336964713 0.000112336964713 
 93.4579686006 0.647170780062 0.000556073825765 0.00106309442764 0.0513142762658 0.0350965151431 0.0350965151431 0.000445447335232 0.000445447335232 0.000112336964713 0.000112336964713 0.110860887285 0.110860887285 0.00026005538475 0.00026005538475 0.00317264559659 0.00317264559659 
 97.790683567 0.000823167850015 0.117102532876 0.0389444319137 0.00627574853511 0.0049448349794 0.0049448349794 0.000622804980047 0.000622804980047 0.242492976208 0.242492976208 0.000810035219703 0.000810035219703 0.168408674862 0.168408674862 0.00114773316323 0.00114773316323 
 97.790683567 0.117102532876 0.000823167850015 0.00627574853511 0.0389444319137 0.000622804980047 0.000622804980047 0.0049448349794 0.0049448349794 0.00114773316323 0.00114773316323 0.168408674862 0.168408674862 0.000810035219703 0.000810035219703 0.242492976208 0.242492976208 
 125.701593203 0.00503956888552 0.00503956888552 0.094270225755 0.0942702257549 0.161466186357 0.161466186357 0.161466186357 0.161466186357 0.00275947314574 0.00275947314574 0.036119443177 0.036119443177 0.036119443177 0.036119443177 0.00275947314573 0.00275947314573 
 126.1809098 0.00185040822399 0.00185040822398 0.120658318605 0.120658318605 0.148204388148 0.148204388148 0.148204388148 0.148204388148 0.00523632029466 0.00523632029466 0.0353049281431 0.0353049281431 0.0353049281431 0.0353049281431 0.00523632029466 0.00523632029466 
 133.04111587 0.0175037163853 0.00357254397935 0.00111564174763 0.010799908901 0.102774841819 0.102774841819 0.0106527043412 0.0106527043412 0.0245622255997 0.0245622255997 0.107381885305 0.107381885305 0.0113591367371 0.0113591367371 0.226773300692 0.226773300692 
 133.04111587 0.00357254397935 0.0175037163853 0.010799908901 0.00111564174763 0.0106527043412 0.0106527043412 0.102774841819 0.102774841819 0.226773300692 0.226773300692 0.0113591367371 0.0113591367371 0.107381885305 0.107381885305 0.0245622255997 0.0245622255997 
 139.858791498 0.00928644461182 0.00928644461182 0.121508162517 0.121508162517 0.0430591443892 0.0430591443892 0.0430591443892 0.0430591443892 0.0696170323418 0.0696170323418 0.0719265197044 0.0719265197044 0.0719265197044 0.0719265197044 0.0696170323418 0.0696170323418 
 144.927138506 0.00475293493896 0.00475293493896 0.0942830836073 0.0942830836073 0.0393793786131 0.0393793786131 0.0393793786131 0.0393793786131 0.0716282107284 0.0716282107284 0.0894744013854 0.0894744013854 0.0894744013853 0.0894744013853 0.0716282107284 0.0716282107284 
 183.364159185 0.000518112019934 0.52810883272 0.00619656183306 0.000310067036737 2.0804566243e-05 2.0804566243e-05 0.0408786494532 0.0408786494532 0.0242637167481 0.0242637167481 0.000249262353878 0.000249262353878 0.166602674892 0.166602674892 0.000418105181729 0.000418105181729 
 183.364159185 0.52810883272 0.000518112019934 0.000310067036737 0.00619656183306 0.0408786494532 0.0408786494532 2.08045662431e-05 2.08045662431e-05 0.000418105181729 0.000418105181729 0.166602674892 0.166602674892 0.000249262353878 0.000249262353878 0.0242637167481 0.0242637167481 
 185.214783913 0.282781269281 0.282781269281 0.0670069418658 0.0670069418658 0.00630944097245 0.00630944097245 0.00630944097245 0.00630944097245 0.0615259973413 0.0615259973413 0.00727045611266 0.00727045611266 0.00727045611266 0.00727045611266 0.0615259973413 0.0615259973413 
 193.420477068 0.278198014408 0.278198014408 0.061553479669 0.061553479669 0.00929638273805 0.00929638273805 0.00929638273805 0.00929638273805 0.0656454733744 0.0656454733744 0.00518239684888 0.00518239684888 0.00518239684888 0.00518239684888 0.0656454733744 0.0656454733744 
 199.613098197 1.99695711333e-05 0.15094573902 0.00130732441662 6.30816469706e-07 5.03685880724e-05 5.03685880725e-05 0.113202205547 0.113202205547 0.180550659133 0.180550659133 5.81608826515e-05 5.81608826517e-05 0.129181767833 0.129181767833 0.000820006103694 0.000820006103694 
 199.613098197 0.15094573902 1.99695711333e-05 6.30816469706e-07 0.00130732441662 0.113202205547 0.113202205547 5.03685880724e-05 5.03685880725e-05 0.000820006103694 0.000820006103694 0.129181767833 0.129181767833 5.81608826517e-05 5.81608826515e-05 0.180550659133 0.180550659133 
 201.14683046 0.0680847928658 0.0680847928658 0.0105445007053 0.0105445007053 0.0431446886946 0.0431446886946 0.0431446886946 0.0431446886946 0.0684458018363 0.0684458018363 0.0990948626835 0.0990948626835 0.0990948626835 0.0990948626835 0.0684458018363 0.0684458018363 
 205.615921262 0.0635865511703 0.0635865511703 0.0138926442646 0.0138926442646 0.0345774284225 0.0345774284225 0.0345774284225 0.0345774284225 0.0641007653372 0.0641007653372 0.112582208523 0.112582208523 0.112582208523 0.112582208523 0.0641007653372 0.0641007653372 
 410.185323525 4.15230574454e-05 2.33883224338e-06 7.03695609132e-05 1.07670473845e-05 0.0199992687547 0.0199992687547 0.000563720175457 0.000563720175457 0.00331920114341 0.00331920114341 0.348555187087 0.348555187087 0.00982441889474 0.00982441889474 0.117675704695 0.117675704695 
 410.185323525 2.33883224338e-06 4.15230574454e-05 1.07670473845e-05 7.03695609132e-05 0.000563720175457 0.000563720175457 0.0199992687547 0.0199992687547 0.117675704695 0.117675704695 0.00982441889474 0.00982441889474 0.348555187087 0.348555187087 0.00331920114341 0.00331920114341 
 414.053984693 0.00079840217702 0.00079840217702 0.000310916032072 0.000310916032072 0.0114630928248 0.0114630928248 0.0114630928248 0.0114630928248 0.053269669291 0.053269669291 0.18471257878 0.18471257878 0.18471257878 0.18471257878 0.053269669291 0.053269669291 
 415.184180846 1.59046118629e-05 1.59046118629e-05 1.9774171564e-05 1.9774171564e-05 0.0112514011348 0.0112514011348 0.0112514011348 0.0112514011348 0.0950462755724 0.0950462755724 0.143684483901 0.143684483901 0.143684483901 0.143684483901 0.0950462755724 0.0950462755724 
 428.630359043 1.7487356952e-07 7.47465101008e-06 2.51773973769e-06 2.23815372598e-05 0.000562010630862 0.000562010630863 0.0480353887603 0.0480353887603 0.340191397668 0.340191397668 0.0012434009563 0.0012434009563 0.10597038127 0.10597038127 0.00398114631358 0.0039811463136 
 428.630359043 7.47465101008e-06 1.74873569519e-07 2.23815372598e-05 2.51773973769e-06 0.0480353887603 0.0480353887603 0.000562010630862 0.000562010630863 0.00398114631359 0.00398114631359 0.10597038127 0.10597038127 0.0012434009563 0.0012434009563 0.340191397668 0.340191397668 
 428.845419513 1.96822377489e-08 1.9682237749e-08 3.0884251262e-05 3.0884251262e-05 0.0239848806026 0.0239848806025 0.0239848806025 0.0239848806026 0.179850496807 0.179850496807 0.046149170624 0.046149170624 0.046149170624 0.046149170624 0.179850496807 0.179850496807 
 432.7852889 0.000436660534081 0.000436660534081 0.00017770407781 0.00017770407781 0.0239476000863 0.0239476000863 0.0239476000863 0.0239476000863 0.138165395216 0.138165395216 0.0875798223917 0.0875798223917 0.0875798223917 0.0875798223917 0.138165395216 0.138165395216 
 