Frequency Contributions 
-0.3729248372114679 0.10000129266139897 0.10000192634059339 0.133944775949759 0.13394505534480688 0.11620633649144482 0.11620633649100583 0.1162083340701337 0.1162083340701197 0.008397163660628159 0.008397163660618233 0.00842229171775142 0.0084222917177217 0.008422225431657158 0.008422225431658874 0.00839712348036634 0.008397123480336366 
 -0.37292483546267524 0.100001926340586 0.10000129266140677 0.1339450553448276 0.13394477594974075 0.11620833407010328 0.11620833407014429 0.11620633649125052 0.11620633649120249 0.008397123480353446 0.008397123480349164 0.0084222254316563 0.008422225431659072 0.008422291717735498 0.008422291717738789 0.008397163660621109 0.008397163660625092 
 0.27895381177311646 0.10001008328836035 0.10001008328837054 0.1332852840756094 0.13328528407559623 0.11657907538568482 0.11657907538586319 0.11657907538566309 0.11657907538590943 0.00839185526758566 0.008391855267608527 0.008381385664632462 0.008381385664645092 0.008381385664647795 0.008381385664631254 0.008391855267588113 0.008391855267604316 
 54.16622217854379 3.1374276263812115e-26 1.3548375559228202e-26 1.6239237374307056e-26 4.490938241883059e-26 0.22885196619422454 0.22885196619450254 0.22885196619470016 0.22885196619454762 0.007480254550220531 0.007480254550211214 0.013667779255279094 0.013667779255294173 0.013667779255295404 0.0136677792553087 0.00748025455020197 0.007480254550214319 
 83.54279138366107 2.0095760057059094e-27 6.5088892660637005e-28 2.871976989490125e-28 1.8579562822947013e-27 0.22982666124691506 0.22982666124699871 0.2298266612467315 0.22982666124666132 0.006927817586989385 0.0069278175869877745 0.013245521166187125 0.013245521166189315 0.013245521166173365 0.013245521166173429 0.00692781758699516 0.00692781758699804 
 113.16571264674353 0.06010576917023606 0.062193244013919846 0.0980913969353991 0.07919251361408541 0.1791199149229176 0.17911991492276438 0.15099380140126953 0.15099380140128585 0.006598187372446999 0.00659818737244801 0.002605607513937524 0.0026056075139353502 0.00315507906872661 0.0031550790687259094 0.007735947853954016 0.007735947853948198 
 113.16571264675325 0.06219324401392193 0.06010576917023553 0.07919251361409667 0.09809139693539923 0.15099380140126784 0.15099380140128119 0.17911991492283347 0.17911991492284338 0.007735947853950602 0.0077359478539509195 0.0031550790687263097 0.003155079068726345 0.0026056075139365533 0.0026056075139365125 0.006598187372447073 0.00659818737244752 
 134.54372259073216 0.10352843261453762 0.10352843261452789 0.14268895430512976 0.1426889543051423 0.11362230080923295 0.11362230080926156 0.11362230080923233 0.11362230080923741 0.008368785844999237 0.008368785844999225 0.004900219885924092 0.0049002198859266835 0.004900219885924958 0.004900219885924249 0.00836878584499933 0.008368785845000845 
 170.8817793837519 0.015127718901666783 0.016039604140508736 0.313087259626594 0.2924893822731053 0.07919676627262465 0.07919676627261382 0.06460917998870624 0.06460917998870681 0.009244651761546763 0.009244651761547549 0.010011955732598164 0.010011955732596577 0.007091829736069275 0.007091829736070296 0.011473634037522636 0.011473634037522638 
 170.88177938375586 0.016039604140506793 0.015127718901659249 0.2924893822730604 0.31308725962658773 0.06460917998872157 0.06460917998871382 0.07919676627262764 0.07919676627263741 0.01147363403752462 0.01147363403752528 0.007091829736071232 0.007091829736070732 0.01001195573259896 0.010011955732597942 0.009244651761548832 0.00924465176154831 
 218.3369111445109 0.028162685515561576 0.028088478255438275 0.20331882972917903 0.21568185776531704 0.10274089882651233 0.10274089882651222 0.11033600593069112 0.1103360059306939 0.013867443993181896 0.013867443993182103 0.0109326348485549 0.010932634848554987 0.011576593809905653 0.011576593809905396 0.012920496958405251 0.012920496958405261 
 218.33691114451216 0.028088478255437737 0.02816268551555394 0.21568185776528997 0.2033188297291627 0.11033600593071084 0.11033600593070053 0.10274089882651846 0.10274089882651795 0.012920496958406316 0.012920496958406611 0.011576593809907956 0.011576593809906232 0.0109326348485562 0.010932634848555197 0.013867443993184392 0.013867443993183431 
 395.85248000512894 4.846132035746838e-31 7.266790741874253e-30 2.373403486757259e-29 1.1356511658848631e-29 0.020358341015157166 0.02035834101515717 0.02035834101515748 0.020358341015158016 0.12732325009083592 0.12732325009083956 0.10231840889400408 0.10231840889400423 0.10231840889400635 0.10231840889400402 0.12732325009083764 0.12732325009083834 
 529.6363708672914 0.00245812366630531 0.030893381660114568 0.014388076493573109 0.0020894767241950597 0.002547239976136124 0.002547239976135573 0.04280976575989498 0.042809765759894404 0.2152694014786563 0.21526940147864657 0.008020031376825262 0.008020031376824744 0.1977462102335254 0.19774621023352287 0.0086928219028746 0.008692821902874619 
 529.6363708672922 0.030893381660114606 0.0024581236663052514 0.0020894767241947353 0.01438807649357366 0.04280976575989449 0.042809765759894335 0.0025472399761358854 0.0025472399761358507 0.008692821902875176 0.008692821902875144 0.19774621023352548 0.19774621023352465 0.008020031376824582 0.00802003137682469 0.2152694014786499 0.21526940147865053 
 551.6935188649959 0.03820374021611356 0.038203740216110324 0.06447640062802615 0.0644764006280317 0.11389182933555542 0.11389182933555536 0.11389182933554293 0.1138918293355479 0.05167471785658116 0.05167471785659038 0.0330933823857903 0.03309338238579494 0.033093382385795005 0.033093382385783715 0.051674717856588975 0.05167471785659272 
 556.7989487095941 0.0006848389572325711 0.08986995699392372 0.39356906667957886 0.002768587085413114 0.0007049811744420363 0.0007049811744417426 0.15667721011207542 0.15667721011206942 0.02483518092276705 0.02483518092275392 0.0025626317582235847 0.002562631758222842 0.06868697980780161 0.06868697980781799 0.0030867913666182516 0.0030867913666175898 
 556.7989487095962 0.0898699569939239 0.0006848389572326521 0.0027685870854130146 0.3935690666795788 0.15667721011207325 0.15667721011207197 0.0007049811744418296 0.000704981174441916 0.0030867913666171006 0.003086791366617346 0.06868697980781155 0.0686869798078079 0.002562631758224086 0.0025626317582236845 0.024835180922761924 0.02483518092275884 
 575.4167857110041 0.043426772489625315 0.043426772489628236 0.07529272546919163 0.07529272546918685 0.09982278148636575 0.09982278148636586 0.0998227814863773 0.09982278148637581 0.05627372974477987 0.05627372974478222 0.034543739789440704 0.03454373978944028 0.03454373978944562 0.03454373978944157 0.056273729744776714 0.05627372974477622 
 603.0722130021769 2.701612205681081e-30 2.268715849402619e-30 5.196939344367318e-30 5.0688326470834205e-30 0.0007134893362371075 0.0007134893362372108 0.0007134893362373339 0.0007134893362371528 0.11908472635275377 0.11908472635275752 0.13020178431100699 0.13020178431100876 0.13020178431100585 0.13020178431101037 0.11908472635275384 0.11908472635275305 
 652.1272367267366 8.420382325330814e-31 1.869854026080933e-30 1.3082213934075715e-30 2.3445191235046762e-30 0.0007896927903488769 0.0007896927903488324 0.0007896927903489633 0.0007896927903489194 0.11519649535894814 0.11519649535894938 0.13401381185070033 0.1340138118507011 0.1340138118506991 0.13401381185070266 0.1151964953589508 0.11519649535895168 
 690.5999601988545 9.980846840739314e-31 1.6468031370502416e-30 2.3821798997854595e-31 2.331909514137562e-30 0.019459849416936462 0.019459849416936396 0.01945984941693581 0.019459849416935994 0.12398745606025383 0.12398745606025197 0.10655269452281167 0.1065526945228118 0.1065526945228118 0.10655269452280824 0.12398745606025191 0.12398745606025208 
 753.7894189213115 0.6471707800619295 0.0005560738257645084 0.001063094427644918 0.05131427626576692 0.03509651514307857 0.03509651514307874 0.000445447335231714 0.0004454473352317007 0.00011233696471281192 0.00011233696471278443 0.11086088728508146 0.11086088728508142 0.00026005538474994076 0.0002600553847499634 0.003172645596592368 0.003172645596592328 
 753.7894189213116 0.0005560738257646567 0.6471707800619313 0.05131427626576687 0.0010630944276449632 0.00044544733523168894 0.00044544733523174337 0.035096515143078995 0.0350965151430783 0.003172645596591983 0.0031726455965924113 0.00026005538474990693 0.00026005538474985137 0.11086088728508055 0.11086088728508034 0.00011233696471277824 0.00011233696471277466 
 788.7351249514485 0.0008231678500147096 0.11710253287569478 0.03894443191371204 0.006275748535107485 0.004944834979404605 0.004944834979404624 0.0006228049800471785 0.0006228049800471559 0.24249297620825871 0.24249297620826177 0.0008100352197028728 0.0008100352197027511 0.16840867486209044 0.16840867486209105 0.0011477331632295089 0.0011477331632295904 
 788.7351249514493 0.11710253287569608 0.0008231678500152195 0.006275748535107525 0.03894443191371211 0.0006228049800471455 0.0006228049800471676 0.004944834979404479 0.004944834979404855 0.0011477331632295277 0.0011477331632295453 0.16840867486208969 0.16840867486208885 0.000810035219702546 0.0008100352197025209 0.24249297620826146 0.2424929762082604 
 1013.8518129275983 0.005039568885520609 0.005039568885520406 0.0942702257549333 0.09427022575494107 0.1614661863570156 0.16146618635701532 0.16146618635700632 0.16146618635700505 0.0027594731457360354 0.0027594731457359035 0.036119443177024965 0.036119443177025305 0.036119443177023716 0.036119443177023175 0.0027594731457363277 0.0027594731457362314 
 1017.7177623409766 0.0018504082239842235 0.0018504082239844642 0.12065831860503903 0.12065831860503344 0.1482043881477555 0.1482043881477554 0.14820438814776485 0.14820438814776404 0.00523632029466266 0.005236320294662722 0.03530492814306583 0.03530492814306596 0.0353049281430685 0.03530492814306887 0.00523632029466267 0.005236320294662624 
 1073.049060730201 0.0035725439793548894 0.01750371638525478 0.01079990890099023 0.0011156417476315865 0.010652704341242157 0.010652704341242483 0.10277484181879701 0.10277484181879823 0.22677330069177085 0.226773300691773 0.011359136737066046 0.011359136737066025 0.10738188530477238 0.1073818853047712 0.0245622255997338 0.02456222559973446 
 1073.049060730202 0.017503716385255046 0.003572543979354856 0.0011156417476315722 0.010799908900990241 0.1027748418187972 0.10277484181879804 0.010652704341242398 0.010652704341242424 0.02456222559973399 0.024562225599734228 0.107381885304771 0.10738188530477172 0.011359136737066185 0.011359136737065885 0.22677330069177226 0.22677330069177304 
 1128.0373279308 0.009286444611816283 0.00928644461181582 0.12150816251733605 0.12150816251734707 0.04305914438921892 0.043059144389218734 0.04305914438921431 0.043059144389213724 0.06961703234179921 0.06961703234179759 0.07192651970440725 0.0719265197044068 0.07192651970439716 0.07192651970439781 0.06961703234180672 0.06961703234180604 
 1168.91630704264 0.004752934938956256 0.004752934938956887 0.0942830836073441 0.09428308360733104 0.03937937861307533 0.03937937861307482 0.03937937861307979 0.03937937861307935 0.07162821072843126 0.07162821072843038 0.08947440138534535 0.08947440138534385 0.08947440138535316 0.08947440138535334 0.07162821072842247 0.0716282107284219 
 1478.931813654888 0.5281088327196398 0.0005181120199346292 0.00031006703673707673 0.006196561833063661 0.040878649453216724 0.040878649453217036 2.080456624311671e-05 2.0804566243112853e-05 0.00041810518172875487 0.00041810518172870814 0.16660267489212366 0.16660267489212488 0.0002492623538785651 0.0002492623538785986 0.024263716748119887 0.024263716748121587 
 1478.9318136548884 0.0005181120199346257 0.5281088327196424 0.00619656183306359 0.0003100670367370726 2.0804566243117214e-05 2.0804566243120866e-05 0.0408786494532176 0.040878649453217474 0.024263716748122183 0.024263716748118523 0.00024926235387862685 0.000249262353878528 0.16660267489212108 0.166602674892124 0.0004181051817287606 0.0004181051817286676 
 1493.858110035852 0.2827812692813151 0.2827812692813143 0.06700694186578612 0.0670069418657865 0.0063094409724498 0.006309440972449958 0.006309440972449981 0.006309440972449919 0.06152599734133915 0.061525997341344875 0.00727045611265832 0.007270456112656684 0.007270456112659005 0.007270456112655405 0.06152599734134317 0.06152599734134153 
 1560.0414945854995 0.2781980144083875 0.2781980144083814 0.06155347966895319 0.06155347966895409 0.00929638273805128 0.009296382738051267 0.009296382738050954 0.00929638273805094 0.06564547337440022 0.06564547337439831 0.005182396848881656 0.005182396848881684 0.005182396848882659 0.005182396848883186 0.06564547337439564 0.06564547337439552 
 1609.9883568187706 0.1509457390201165 1.9969571133131546e-05 6.308164697044227e-07 0.0013073244166155026 0.11320220554685945 0.1132022055468537 5.036858807235879e-05 5.036858807231943e-05 0.0008200061036938159 0.0008200061036937404 0.12918176783347568 0.1291817678334663 5.81608826514727e-05 5.816088265153854e-05 0.18055065913309234 0.18055065913308252 
 1609.988356818771 1.9969571133138475e-05 0.15094573902011377 0.0013073244166154814 6.308164697042064e-07 5.036858807243172e-05 5.0368588072247334e-05 0.11320220554684195 0.11320220554687023 0.18055065913306495 0.1805506591331114 5.8160882651654984e-05 5.816088265135637e-05 0.12918176783349578 0.12918176783344873 0.000820006103693941 0.0008200061036936549 
 1622.3587428699457 0.06808479286584193 0.06808479286584311 0.010544500705341023 0.010544500705340836 0.043144688694587416 0.043144688694592676 0.04314468869459999 0.043144688694573954 0.06844580183630533 0.0684458018362633 0.09909486268353111 0.09909486268354105 0.09909486268350465 0.09909486268354693 0.06844580183628886 0.06844580183629817 
 1658.4043942962965 0.06358655117034012 0.06358655117034497 0.013892644264601848 0.013892644264601128 0.034577428422525945 0.0345774284225263 0.0345774284225305 0.03457742842252817 0.06410076533719283 0.06410076533718828 0.11258220852280755 0.1125822085228083 0.11258220852281453 0.11258220852281998 0.06410076533718431 0.064100765337185 
 3308.3680428709235 4.152305744552264e-05 2.338832243259568e-06 7.03695609134127e-05 1.0767047384286206e-05 0.0199992687547089 0.01999926875470865 0.0005637201753992779 0.0005637201753992689 0.003319201143070345 0.003319201143070331 0.3485551870883588 0.3485551870883552 0.009824418893735792 0.009824418893735927 0.11767570469573692 0.11767570469573425 
 3308.3680428709254 2.3388322432606343e-06 4.152305744552226e-05 1.0767047384284736e-05 7.036956091341324e-05 0.0005637201753992929 0.000563720175399259 0.01999926875470842 0.019999268754709133 0.1176757046957333 0.11767570469573742 0.009824418893736257 0.009824418893735436 0.3485551870883626 0.34855518708835187 0.0033192011430703623 0.003319201143070333 
 3339.570902264689 0.0007984021770195241 0.0007984021770195049 0.0003109160320722472 0.00031091603207223734 0.01146309282478182 0.011463092824782055 0.01146309282478394 0.011463092824783444 0.05326966929098445 0.05326966929098291 0.18471257877967778 0.18471257877968195 0.1847125787797031 0.18471257877971042 0.053269669290971766 0.05326966929097271 
 3348.686549804635 1.5904611862853185e-05 1.590461186287116e-05 1.977417156402165e-05 1.9774171564033563e-05 0.011251401134754835 0.01125140113475491 0.011251401134753322 0.01125140113475306 0.09504627557240651 0.09504627557240361 0.1436844839011347 0.14368448390113628 0.14368448390110744 0.14368448390111063 0.095046275572415 0.09504627557241517 
 3457.137300465684 7.474651010078723e-06 1.7487356952329588e-07 2.2381537259831324e-05 2.5177397377025076e-06 0.048035388760249424 0.048035388760250916 0.0005620106308868088 0.0005620106308869434 0.003981146313762093 0.003981146313763075 0.10597038127039421 0.105970381270397 0.0012434009563548668 0.0012434009563546018 0.3401913976675561 0.34019139766756723 
 3457.1373004656853 1.7487356952328748e-07 7.474651010078253e-06 2.5177397377023446e-06 2.2381537259831277e-05 0.0005620106308871022 0.0005620106308866427 0.04803538876024926 0.04803538876025128 0.34019139766755463 0.34019139766757006 0.0012434009563553252 0.0012434009563541478 0.10597038127039712 0.10597038127039358 0.003981146313764135 0.0039811463137610584 
 3458.8718802909775 1.9682237748773863e-08 1.968223774905087e-08 3.088425126196787e-05 3.088425126196289e-05 0.023984880602550114 0.023984880602549045 0.02398488060255255 0.023984880602549264 0.17985049680672943 0.17985049680670612 0.04614917062398531 0.0461491706239828 0.046149170623984735 0.04614917062399185 0.17985049680671336 0.1798504968067064 
 3490.6490727604582 0.000436660534081168 0.00043666053408118234 0.0001777040778098656 0.0001777040778098677 0.02394760008628948 0.02394760008628942 0.023947600086287366 0.023947600086288646 0.1381653952160824 0.13816539521609011 0.08757982239167704 0.08757982239167662 0.08757982239167506 0.08757982239167077 0.13816539521609503 0.13816539521609553 
 