Frequency Contributions 
-0.37292483495056644 0.10000129266113857 0.10000192634085357 0.13394477594964604 0.13394505534492365 0.11620633649030844 0.11620633649051436 0.11620833407086628 0.11620833407101075 0.008397163660633486 0.008397163660647545 0.008422291717755288 0.008422291717769339 0.008422225431637365 0.008422225431627368 0.00839712348032564 0.008397123480342298 
 -0.37292483494677464 0.1000019263408496 0.10000129266114233 0.1339450553449193 0.13394477594964926 0.11620833407092847 0.1162083340709267 0.1162063364904271 0.11620633649041757 0.008397123480335009 0.008397123480334586 0.008422225431632202 0.008422225431632043 0.008422291717762211 0.008422291717762912 0.008397163660639955 0.008397163660639733 
 0.27895381306502653 0.10001008328836548 0.10001008328836505 0.13328528407560225 0.1332852840756029 0.11657907538586063 0.11657907538570092 0.11657907538586022 0.11657907538569966 0.008391855267604033 0.008391855267589248 0.008381385664644745 0.008381385664633688 0.008381385664633681 0.008381385664644652 0.008391855267604009 0.008391855267589374 
 54.16622217853344 4.418684486938376e-27 2.2916681271685463e-27 3.647626688859162e-27 6.118220144715159e-27 0.2288519661944859 0.22885196619443576 0.22885196619452697 0.22885196619452694 0.007480254550212729 0.007480254550213457 0.01366777925529304 0.01366777925529152 0.013667779255297274 0.01366777925529495 0.007480254550211996 0.007480254550209954 
 83.54279138365987 9.385680604661847e-29 1.5589233738364113e-27 1.9716572401404295e-27 4.865471020972947e-28 0.2298266612468511 0.22982666124686835 0.2298266612468161 0.22982666124676968 0.006927817586992456 0.006927817586990704 0.013245521166183112 0.01324552116618239 0.013245521166178257 0.013245521166179667 0.0069278175869933265 0.006927817586993833 
 113.16571264674928 0.06010576844749898 0.06219324473665641 0.09809140347877962 0.07919250707071061 0.17911992466102405 0.17911992466101187 0.15099379166307025 0.15099379166312563 0.006598186978516349 0.006598186978517967 0.0026056073236929095 0.0026056073236925942 0.0031550792589702323 0.0031550792589697804 0.007735948247881426 0.007735948247880702 
 113.1657126467517 0.062193244736661865 0.06010576844749228 0.07919250707070155 0.09809140347878562 0.1509937916631125 0.15099379166310695 0.17911992466100327 0.179119924661013 0.007735948247880537 0.007735948247880741 0.0031550792589703433 0.0031550792589702505 0.0026056073236923306 0.002605607323692361 0.006598186978518118 0.006598186978517995 
 134.54372259072701 0.10352843261453254 0.1035284326145334 0.1426889543051364 0.14268895430513592 0.11362230080924189 0.11362230080923942 0.11362230080923684 0.11362230080924567 0.008368785844999359 0.008368785845000016 0.004900219885925145 0.004900219885924683 0.004900219885925218 0.004900219885924687 0.008368785844999579 0.008368785844999716 
 170.88177938375372 0.016039604116883547 0.015127718925284483 0.2924893828066583 0.3130872590929868 0.06460918036660125 0.06460918036660379 0.07919676589474854 0.07919676589474416 0.01147363397978398 0.011473633979783614 0.007091829811715728 0.007091829811716048 0.010011955656954038 0.010011955656954452 0.009244651819289615 0.009244651819289903 
 170.88177938375557 0.015127718925283792 0.016039604116885847 0.31308725909300683 0.29248938280665754 0.07919676589474227 0.07919676589474507 0.06460918036659731 0.06460918036659942 0.009244651819288909 0.009244651819288813 0.010011955656953366 0.010011955656953694 0.007091829811715307 0.007091829811715244 0.011473633979783451 0.011473633979783395 
 218.33691114451193 0.02808847825327178 0.028162685517726087 0.21568185812630253 0.20331882936817766 0.11033600615246919 0.11033600615247012 0.10274089860474181 0.10274089860474221 0.012920496930755377 0.012920496930755416 0.011576593828709285 0.011576593828709097 0.01093263482975213 0.010932634829752132 0.01386744402083289 0.013867444020832946 
 218.3369111445123 0.028162685517727187 0.028088478253273416 0.20331882936819073 0.21568185812631235 0.10274089860473487 0.10274089860473684 0.11033600615246517 0.1103360061524651 0.01386744402083218 0.01386744402083218 0.010932634829751254 0.010932634829751545 0.011576593828708657 0.011576593828708678 0.01292049693075442 0.012920496930754526 
 395.85248000512837 1.07148135747096e-30 1.856644063458217e-30 5.237738620787668e-30 3.1401845996462457e-30 0.02035834101515703 0.020358341015157225 0.02035834101515801 0.020358341015157003 0.12732325009083817 0.1273232500908374 0.10231840889400352 0.1023184088940046 0.10231840889400434 0.10231840889400512 0.1273232500908377 0.12732325009083864 
 529.636370867291 0.03089338165970546 0.00245812366671286 0.0020894767243717087 0.014388076493397326 0.04280976575931707 0.042809765759317345 0.002547239976713162 0.0025472399767131376 0.008692821905837594 0.008692821905837953 0.19774621023080355 0.19774621023080405 0.008020031379545585 0.008020031379545404 0.21526940147569015 0.2152694014756878 
 529.6363708672919 0.002458123666713256 0.030893381659706776 0.01438807649339728 0.0020894767243712325 0.0025472399767132487 0.0025472399767134724 0.042809765759316804 0.042809765759317206 0.21526940147568868 0.21526940147568785 0.008020031379545666 0.00802003137954571 0.19774621023080452 0.19774621023080216 0.008692821905837323 0.008692821905837648 
 551.6935188649944 0.038203740216110955 0.03820374021611223 0.0644764006280295 0.06447640062802738 0.11389182933554916 0.11389182933554887 0.1138918293355502 0.11389182933555428 0.05167471785658616 0.05167471785659197 0.033093382385790474 0.03309338238579035 0.03309338238579502 0.03309338238578787 0.05167471785658739 0.051674717856587477 
 556.7989487095939 0.0006848389573365692 0.08986995699381994 0.3935690666791223 0.002768587085868778 0.000704981174623756 0.000704981174623497 0.15667721011189223 0.15667721011188934 0.024835180922736993 0.024835180922733173 0.002562631758301173 0.002562631758300572 0.0686869798077303 0.068686979807735 0.003086791366643012 0.0030867913666424544 
 556.7989487095956 0.08986995699381953 0.0006848389573369272 0.0027685870858688046 0.39356906667912306 0.15667721011189106 0.15667721011188918 0.0007049811746236823 0.0007049811746236562 0.003086791366642322 0.0030867913666432043 0.06868697980773256 0.06868697980773351 0.00256263175830044 0.0025626317583005774 0.024835180922734408 0.02483518092273561 
 575.4167857110052 0.043426772489627355 0.04342677248962614 0.0752927254691884 0.07529272546919066 0.09982278148637272 0.09982278148637211 0.09982278148636958 0.09982278148636922 0.05627372974477883 0.056273729744777 0.034543739789442536 0.034543739789442404 0.03454373978944018 0.03454373978944273 0.056273729744779566 0.056273729744779434 
 603.0722130021771 2.5024294490295155e-30 2.6290471695265416e-30 5.308938417111356e-30 7.596565345944363e-30 0.0007134893362371903 0.0007134893362371674 0.0007134893362371784 0.0007134893362371665 0.11908472635275627 0.11908472635275798 0.13020178431100515 0.1302017843110057 0.13020178431100735 0.13020178431100926 0.11908472635275325 0.1190847263527546 
 652.127236726737 1.0625255784880934e-29 8.196954314850401e-31 7.939308408884328e-31 4.719564866269244e-29 0.0007896927903488747 0.0007896927903488614 0.0007896927903489075 0.0007896927903488285 0.11519649535894866 0.11519649535894756 0.13401381185070296 0.13401381185070227 0.13401381185069874 0.13401381185070035 0.11519649535895063 0.11519649535895145 
 690.5999601988544 2.5882424927557144e-30 1.324872399612301e-30 5.320564107474355e-31 9.927707066556412e-30 0.01945984941693639 0.01945984941693619 0.019459849416936216 0.019459849416936178 0.12398745606025229 0.12398745606025005 0.10655269452281196 0.10655269452281217 0.1065526945228128 0.10655269452281058 0.12398745606025202 0.12398745606025116 
 753.7894189213108 0.6471707800619348 0.0005560738257645027 0.0010630944276449035 0.051314276265767275 0.035096515143078946 0.03509651514307893 0.00044544733523172884 0.0004454473352317303 0.00011233696471278426 0.0001123369647127889 0.11086088728507906 0.11086088728507804 0.00026005538474996954 0.0002600553847499498 0.003172645596592091 0.003172645596592028 
 753.789418921311 0.0005560738257647534 0.6471707800619286 0.05131427626576614 0.0010630944276445106 0.0004454473352318388 0.0004454473352317657 0.035096515143078204 0.03509651514307865 0.003172645596592334 0.003172645596592441 0.00026005538474979087 0.0002600553847498213 0.11086088728508148 0.11086088728508123 0.00011233696471275201 0.00011233696471277512 
 788.7351249514487 0.0008231678500147494 0.1171025328756958 0.03894443191371247 0.006275748535107551 0.004944834979404652 0.004944834979404784 0.0006228049800471691 0.0006228049800471176 0.242492976208259 0.24249297620826135 0.0008100352197027748 0.0008100352197026324 0.16840867486208955 0.16840867486209032 0.001147733163229464 0.0011477331632295032 
 788.7351249514492 0.11710253287569226 0.0008231678500151434 0.0062757485351074786 0.038944431913712024 0.0006228049800470851 0.0006228049800470846 0.004944834979404696 0.004944834979404747 0.0011477331632294267 0.0011477331632294473 0.16840867486209266 0.16840867486209177 0.0008100352197025621 0.0008100352197025251 0.24249297620826052 0.2424929762082605 
 1013.8518129275977 0.005039568885520372 0.005039568885520581 0.094270225754941 0.09427022575493411 0.1614661863570042 0.16146618635700544 0.16146618635701562 0.16146618635701598 0.0027594731457362227 0.00275947314573629 0.036119443177022204 0.03611944317702292 0.036119443177025104 0.03611944317702561 0.0027594731457360683 0.002759473145736044 
 1017.7177623409757 0.001850408223984377 0.001850408223984217 0.1206583186050321 0.12065831860504007 0.14820438814776482 0.14820438814776504 0.14820438814775388 0.14820438814775388 0.005236320294662505 0.005236320294662465 0.03530492814306787 0.03530492814306824 0.03530492814306603 0.03530492814306575 0.005236320294662945 0.00523632029466282 
 1073.0490607302008 0.0035725439793548495 0.017503716385254886 0.010799908900990265 0.0011156417476316936 0.010652704341242549 0.010652704341242667 0.10277484181879765 0.10277484181879733 0.2267733006917714 0.22677330069177234 0.011359136737065748 0.011359136737066265 0.10738188530477216 0.10738188530477147 0.024562225599733936 0.024562225599734408 
 1073.0490607302013 0.017503716385254955 0.0035725439793548876 0.0011156417476315913 0.01079990890099035 0.10277484181879717 0.10277484181879779 0.010652704341242507 0.010652704341242472 0.024562225599734314 0.024562225599734266 0.1073818853047724 0.10738188530477154 0.011359136737066164 0.011359136737066174 0.22677330069177262 0.22677330069177204 
 1128.0373279307998 0.009286444611816075 0.009286444611816042 0.12150816251734177 0.12150816251734034 0.043059144389216375 0.043059144389216104 0.04305914438921684 0.04305914438921608 0.06961703234180347 0.06961703234180179 0.07192651970440235 0.07192651970440195 0.0719265197044018 0.07192651970440303 0.06961703234180218 0.06961703234180174 
 1168.9163070426423 0.004752934938956782 0.004752934938956748 0.09428308360733792 0.09428308360733792 0.039379378613077214 0.039379378613077554 0.0393793786130769 0.03937937861307696 0.0716282107284254 0.07162821072842643 0.08947440138534989 0.0894744013853489 0.08947440138534928 0.08947440138534891 0.07162821072842691 0.0716282107284267 
 1478.9318136548875 0.0005181120199343853 0.5281088327196442 0.006196561833063618 0.00031006703673706947 2.080456624310201e-05 2.0804566243108113e-05 0.04087864945321781 0.04087864945321754 0.02426371674811892 0.024263716748121354 0.00024926235387851426 0.0002492623538785117 0.16660267489212374 0.166602674892121 0.0004181051817287267 0.0004181051817287127 
 1478.931813654888 0.5281088327196415 0.0005181120199344106 0.00031006703673707044 0.006196561833063644 0.04087864945321711 0.04087864945321708 2.080456624309998e-05 2.080456624309974e-05 0.00041810518172871595 0.0004181051817287169 0.16660267489212358 0.1666026748921236 0.00024926235387850895 0.0002492623538785105 0.024263716748120594 0.02426371674812069 
 1493.8581100358513 0.28278126928131275 0.2827812692813137 0.06700694186578575 0.06700694186578561 0.006309440972449867 0.006309440972449973 0.006309440972449913 0.006309440972449958 0.061525997341344354 0.06152599734134265 0.007270456112657524 0.007270456112657515 0.00727045611265708 0.007270456112658202 0.0615259973413432 0.061525997341343314 
 1560.041494585498 0.27819801440838865 0.2781980144083881 0.06155347966895433 0.0615534796689545 0.009296382738051223 0.009296382738051362 0.009296382738051352 0.009296382738051388 0.06564547337439423 0.06564547337439731 0.005182396848881697 0.005182396848881828 0.005182396848881729 0.005182396848881538 0.06564547337439579 0.0656454733743962 
 1609.9883568187695 1.996957113309373e-05 0.15094573902011338 0.001307324416615496 6.308164697046299e-07 5.036858807228058e-05 5.0368588072328e-05 0.11320220554685606 0.11320220554685542 0.18055065913309104 0.18055065913308613 5.8160882651421115e-05 5.8160882651502084e-05 0.12918176783347166 0.12918176783347304 0.0008200061036937032 0.0008200061036937509 
 1609.9883568187706 0.15094573902011543 1.996957113308756e-05 6.308164697042481e-07 0.0013073244166155102 0.11320220554685634 0.1132022055468564 5.0368588072304655e-05 5.036858807230696e-05 0.0008200061036937243 0.0008200061036937314 0.12918176783347157 0.12918176783347157 5.81608826514669e-05 5.816088265146078e-05 0.18055065913308818 0.18055065913308785 
 1622.3587428699436 0.06808479286584439 0.06808479286584412 0.010544500705341235 0.010544500705341275 0.043144688694588575 0.043144688694588235 0.0431446886945868 0.04314468869459015 0.0684458018362855 0.06844580183629094 0.09909486268353067 0.0990948626835304 0.09909486268353379 0.09909486268352774 0.06844580183628804 0.06844580183628755 
 1658.4043942962946 0.06358655117033948 0.06358655117033965 0.013892644264600887 0.013892644264600703 0.034577428422527604 0.03457742842252774 0.03457742842252872 0.03457742842252644 0.06410076533719153 0.0641007653371871 0.11258220852281386 0.11258220852281398 0.11258220852281042 0.1125822085228157 0.0641007653371891 0.06410076533718932 
 3308.3680428709245 2.338832243381731e-06 4.1523057445400435e-05 1.0767047384468975e-05 7.036956091323004e-05 0.0005637201754592315 0.0005637201754593215 0.019999268754649427 0.019999268754648185 0.11767570469538786 0.1176757046953767 0.009824418894780921 0.00982441889478201 0.34855518708730165 0.34855518708732186 0.00331920114342313 0.00331920114342355 
 3308.3680428709254 4.152305744540243e-05 2.338832243380861e-06 7.036956091323024e-05 1.0767047384468559e-05 0.019999268754648712 0.01999926875464881 0.0005637201754592692 0.0005637201754592695 0.0033192011434233564 0.0033192011434233517 0.3485551870873106 0.3485551870873116 0.009824418894781452 0.009824418894781464 0.11767570469538273 0.11767570469538383 
 3339.570902264688 0.0007984021770195253 0.0007984021770195158 0.000310916032072257 0.0003109160320722286 0.011463092824781536 0.011463092824781362 0.011463092824783682 0.011463092824784582 0.05326966929098521 0.05326966929098915 0.18471257877967506 0.18471257877967145 0.1847125787797218 0.1847125787797071 0.053269669290967755 0.05326966929096696 
 3348.686549804634 1.590461186285028e-05 1.5904611862878505e-05 1.9774171564016304e-05 1.9774171564035396e-05 0.01125140113475543 0.011251401134755493 0.011251401134752408 0.011251401134752918 0.09504627557239888 0.09504627557240158 0.1436844839011441 0.14368448390114466 0.14368448390110625 0.14368448390109737 0.09504627557241781 0.09504627557241811 
 3457.137300465684 1.7487356952340144e-07 7.474651010079738e-06 2.5177397377028464e-06 2.2381537259830477e-05 0.0005620106308873847 0.0005620106308881972 0.048035388760253116 0.04803538876024545 0.34019139766758233 0.34019139766752915 0.0012434009563559473 0.0012434009563575816 0.10597038127038483 0.10597038127040172 0.003981146313766115 0.003981146313772074 
 3457.1373004656857 7.474651010079125e-06 1.7487356952348866e-07 2.238153725983074e-05 2.5177397377025817e-06 0.048035388760247794 0.04803538876025073 0.0005620106308876438 0.0005620106308879384 0.003981146313768018 0.003981146313770142 0.10597038127039095 0.10597038127039728 0.0012434009563570712 0.0012434009563564768 0.34019139766754375 0.3401913976675645 
 3458.8718802909784 1.9682237749199107e-08 1.968223774877771e-08 3.0884251261962494e-05 3.088425126197147e-05 0.02398488060255312 0.023984880602549545 0.023984880602545534 0.02398488060255268 0.1798504968066796 0.1798504968067339 0.046149170623991737 0.04614917062398476 0.04614917062398948 0.04614917062397623 0.17985049680673568 0.17985049680670886 
 3490.6490727604564 0.00043666053408118787 0.00043666053408118424 0.0001777040778098694 0.00017770407780986832 0.02394760008628752 0.02394760008628747 0.02394760008628987 0.02394760008628987 0.13816539521609808 0.13816539521609933 0.0875798223916707 0.08757982239167043 0.0875798223916775 0.08757982239167843 0.13816539521608473 0.13816539521608406 
 