Frequency Contributions 
-0.37292483460424 0.10000192634100415 0.10000129266098777 0.1339450553450005 0.13394477594956733 0.11620833407145317 0.11620833407140502 0.11620633648990217 0.11620633648994191 0.008397123480322665 0.008397123480326245 0.00842222543161704 0.008422225431613637 0.008422291717780707 0.008422291717777971 0.008397163660651932 0.008397163660647732 
 -0.3729248332349894 0.10000129266099107 0.10000192634100015 0.13394477594957285 0.1339450553449953 0.11620633648980663 0.11620633649005661 0.11620833407124201 0.1162083340715977 0.00839716366063466 0.008397163660663476 0.008422291717771509 0.008422291717788207 0.008422225431626736 0.00842222543160259 0.00839712348031396 0.008397123480336883 
 0.2789538124277294 0.1000100832883617 0.10001008328836812 0.1332852840756066 0.13328528407559773 0.11657907538588225 0.1165790753856702 0.11657907538593666 0.11657907538563288 0.00839185526761089 0.00839185526758309 0.0083813856646462 0.008381385664631777 0.008381385664628942 0.008381385664650153 0.008391855267606144 0.008391855267586594 
 54.166222178546086 2.091839124037394e-27 1.1710068149698658e-26 1.7548717249898386e-26 1.5915467669423242e-27 0.2288519661945446 0.2288519661946116 0.22885196619442166 0.22885196619439763 0.007480254550209946 0.007480254550208927 0.013667779255296861 0.013667779255301365 0.0136677792552882 0.013667779255289884 0.007480254550213047 0.00748025455021649 
 83.54279138366483 1.2950036960597532e-27 8.648266238004337e-28 6.686905927670338e-28 2.2274465148938907e-27 0.22982666124677242 0.2298266612467137 0.22982666124694226 0.22982666124687778 0.00692781758699708 0.006927817586994216 0.013245521166176761 0.013245521166173911 0.0132455211661844 0.01324552116618807 0.006927817586990863 0.006927817586988435 
 113.16571264675106 0.06010576721267445 0.0621932459714877 0.09809141465814773 0.07919249589130903 0.17911994129862863 0.17911994129862419 0.15099377502551128 0.15099377502549177 0.006598186305492362 0.0065981863054918105 0.0026056069986598856 0.0026056069986597975 0.0031550795840029097 0.0031550795840033573 0.007735948920907787 0.007735948920907178 
 113.16571264675524 0.06219324597148991 0.06010576721267905 0.07919249589134605 0.0980914146581841 0.15099377502546943 0.15099377502549188 0.1791199412986054 0.17911994129861464 0.0077359489209054486 0.007735948920905888 0.003155079584003269 0.0031550795840034947 0.0026056069986604207 0.002605606998660212 0.006598186305489572 0.006598186305490336 
 134.54372259071775 0.10352843261453694 0.10352843261452854 0.14268895430512926 0.14268895430514122 0.11362230080925488 0.11362230080923434 0.1136223008092472 0.11362230080922839 0.008368785844999912 0.00836878584499888 0.004900219885925969 0.004900219885924173 0.004900219885923951 0.004900219885925774 0.008368785845000507 0.00836878584499937 
 170.88177938375148 0.01512771900453576 0.01603960403763521 0.3130872573028773 0.2924893845967723 0.07919676462697675 0.07919676462697971 0.06460918163436039 0.06460918163437646 0.00924465201300416 0.009244652013004765 0.010011955403173586 0.010011955403175107 0.00709183006549724 0.007091830065495615 0.011473633786069082 0.011473633786068995 
 170.8817793837613 0.01603960403762764 0.015127719004523083 0.29248938459673884 0.31308725730287673 0.06460918163437718 0.06460918163438106 0.07919676462699447 0.07919676462699096 0.011473633786070803 0.011473633786070633 0.007091830065495228 0.007091830065495648 0.010011955403173144 0.010011955403173314 0.009244652013005169 0.009244652013005372 
 218.33691114451102 0.028088478238412484 0.028162685532578034 0.21568186060080027 0.2033188268937303 0.11033600767262303 0.11033600767262718 0.10274089708456635 0.10274089708457146 0.012920496741221983 0.012920496741222498 0.011576593957597567 0.011576593957595936 0.010932634700862273 0.010932634700862767 0.0138674442103633 0.013867444210363898 
 218.33691114451372 0.028162685532579092 0.028088478238423982 0.20331882689372194 0.2156818606007717 0.10274089708457074 0.10274089708456685 0.11033600767263463 0.11033600767263702 0.013867444210364796 0.013867444210364932 0.010932634700862424 0.010932634700862143 0.011576593957598084 0.011576593957597883 0.012920496741222417 0.01292049674122217 
 395.8524800051268 7.550656795992943e-30 5.553870909160071e-30 1.893891680497535e-29 2.3181372777427808e-29 0.0203583410151569 0.0203583410151559 0.020358341015158134 0.02035834101515854 0.12732325009083983 0.12732325009083773 0.10231840889400386 0.1023184088940045 0.10231840889400304 0.10231840889400584 0.1273232500908376 0.1273232500908377 
 529.6363708672919 0.0024581236656392997 0.03089338166078072 0.014388076493861125 0.0020894767239070466 0.002547239975192686 0.00254723997519298 0.04280976576083723 0.04280976576083844 0.21526940148348803 0.21526940148348997 0.008020031372380904 0.008020031372381548 0.19774621023796835 0.19774621023796873 0.008692821898036237 0.008692821898036406 
 529.6363708672919 0.030893381660781045 0.002458123665639121 0.002089476723907099 0.014388076493861509 0.042809765760837296 0.042809765760837275 0.002547239975192718 0.0025472399751926963 0.00869282189803653 0.008692821898036598 0.19774621023796865 0.1977462102379682 0.00802003137238107 0.008020031372381024 0.21526940148348914 0.2152694014834895 
 551.6935188649936 0.03820374021611015 0.03820374021611358 0.06447640062803181 0.06447640062802612 0.11389182933554648 0.1138918293355464 0.11389182933555345 0.11389182933555447 0.051674717856589454 0.05167471785659055 0.033093382385789794 0.033093382385789724 0.03309338238579262 0.03309338238579134 0.05167471785658629 0.05167471785658636 
 556.798948709593 0.0006848389571889132 0.08986995699396721 0.3935690666797712 0.00276858708522214 0.0007049811743653346 0.0007049811743655723 0.15667721011214716 0.15667721011214894 0.024835180922773405 0.024835180922768464 0.0025626317581909134 0.0025626317581916116 0.06868697980783876 0.06868697980784473 0.0030867913666065773 0.003086791366607293 
 556.7989487095939 0.08986995699396766 0.0006848389571890448 0.0027685870852218334 0.39356906667976954 0.15667721011214916 0.15667721011214908 0.0007049811743655566 0.0007049811743655621 0.0030867913666067937 0.003086791366606752 0.06868697980784198 0.06868697980784236 0.0025626317581913596 0.002562631758191429 0.02483518092277097 0.024835180922771226 
 575.4167857110044 0.043426772489627924 0.04342677248962609 0.07529272546918855 0.07529272546919179 0.09982278148637552 0.09982278148637432 0.0998227814863651 0.09982278148636745 0.05627372974477469 0.05627372974477908 0.034543739789443584 0.034543739789442994 0.03454373978944333 0.03454373978943801 0.056273729744781134 0.05627372974478034 
 603.0722130021771 2.1052064505704846e-30 1.7839966730378258e-29 2.1100623420187726e-29 5.43663103396173e-31 0.0007134893362371524 0.0007134893362371335 0.0007134893362372283 0.0007134893362370578 0.1190847263527582 0.11908472635275763 0.13020178431100443 0.13020178431100451 0.13020178431101198 0.13020178431100693 0.11908472635275372 0.11908472635275394 
 652.1272367267379 3.4429610980732296e-30 1.6194733434754665e-28 2.290657157311804e-29 7.149689829849371e-30 0.0007896927903486332 0.0007896927903486274 0.0007896927903489163 0.0007896927903492 0.11519649535894133 0.11519649535893986 0.13401381185069694 0.134013811850698 0.1340138118507012 0.13401381185070954 0.11519649535895764 0.11519649535895854 
 690.5999601988555 3.2127444605740664e-30 5.522609993260808e-28 3.611541068875468e-29 1.0496811594969095e-29 0.01945984941693707 0.019459849416936417 0.01945984941693726 0.019459849416934523 0.12398745606025846 0.12398745606025649 0.10655269452281832 0.10655269452282037 0.10655269452281164 0.1065526945227987 0.12398745606024675 0.12398745606024472 
 753.7894189213112 0.6471707800619318 0.0005560738257644487 0.0010630944276449126 0.051314276265766845 0.035096515143078245 0.03509651514307852 0.00044544733523169025 0.00044544733523170076 0.00011233696471279351 0.00011233696471280141 0.1108608872850805 0.11086088728508095 0.0002600553847499607 0.0002600553847499601 0.0031726455965921407 0.0031726455965922187 
 753.7894189213121 0.0005560738257646906 0.6471707800619301 0.05131427626576615 0.0010630944276449382 0.0004454473352316756 0.0004454473352317141 0.03509651514307711 0.03509651514308005 0.003172645596591 0.0031726455965937947 0.0002600553847500453 0.0002600553847496488 0.11086088728507845 0.11086088728508431 0.00011233696471275187 0.00011233696471278752 
 788.735124951449 0.11710253287569478 0.000823167850015361 0.0062757485351076225 0.038944431913711317 0.0006228049800471804 0.0006228049800471284 0.0049448349794046515 0.0049448349794047105 0.0011477331632295759 0.0011477331632294273 0.168408674862092 0.16840867486208863 0.0008100352197024691 0.0008100352197024389 0.24249297620826174 0.2424929762082618 
 788.7351249514493 0.0008231678500147734 0.11710253287569632 0.03894443191371233 0.006275748535107388 0.004944834979404627 0.004944834979404747 0.000622804980047154 0.0006228049800471846 0.24249297620826113 0.24249297620826074 0.0008100352197028367 0.0008100352197027923 0.1684086748620891 0.16840867486209007 0.001147733163229578 0.0011477331632295334 
 1013.8518129275983 0.005039568885519893 0.00503956888552102 0.09427022575495504 0.09427022575492038 0.16146618635698615 0.1614661863569857 0.16146618635703575 0.1614661863570348 0.0027594731457367423 0.002759473145736724 0.03611944317701788 0.036119443177018096 0.036119443177030065 0.036119443177029906 0.002759473145735655 0.0027594731457355943 
 1017.7177623409766 0.0018504082239848146 0.0018504082239838386 0.12065831860501991 0.12065831860505358 0.148204388147784 0.14820438814778447 0.14820438814773595 0.14820438814773473 0.005236320294662484 0.005236320294661983 0.0353049281430726 0.03530492814307261 0.03530492814306164 0.03530492814306081 0.005236320294663291 0.0052363202946633415 
 1073.0490607302006 0.01750371638525479 0.0035725439793548404 0.0011156417476315783 0.010799908900990272 0.10277484181879672 0.1027748418187982 0.010652704341242486 0.01065270434124248 0.02456222559973438 0.02456222559973444 0.10738188530477147 0.10738188530477302 0.011359136737066188 0.011359136737066188 0.22677330069176935 0.22677330069177237 
 1073.049060730201 0.003572543979354984 0.0175037163852549 0.010799908900990344 0.0011156417476315818 0.010652704341242932 0.010652704341242181 0.10277484181879687 0.10277484181879792 0.22677330069177087 0.22677330069177182 0.011359136737066493 0.01135913673706573 0.10738188530477188 0.10738188530477244 0.02456222559973499 0.02456222559973368 
 1128.0373279307998 0.009286444611816245 0.009286444611816016 0.12150816251733887 0.12150816251734305 0.04305914438921746 0.04305914438921717 0.043059144389215154 0.04305914438921625 0.06961703234179975 0.06961703234180232 0.07192651970440382 0.07192651970440381 0.07192651970440214 0.07192651970440037 0.06961703234180394 0.0696170323418036 
 1168.9163070426414 0.004752934938956694 0.004752934938956988 0.09428308360734014 0.0942830836073355 0.03937937861307616 0.03937937861307631 0.03937937861307825 0.03937937861307733 0.07162821072842894 0.07162821072842626 0.08947440138534758 0.08947440138534793 0.08947440138534937 0.08947440138535166 0.07162821072842508 0.07162821072842457 
 1478.9318136548875 0.0005181120199357467 0.528108832719639 0.0061965618330635675 0.00031006703673708367 2.0804566243202134e-05 2.0804566243204007e-05 0.04087864945321672 0.04087864945321713 0.02426371674812182 0.024263716748119744 0.00024926235387894404 0.0002492623538789034 0.16660267489212138 0.1666026748921246 0.0004181051817287704 0.00041810518172875075 
 1478.931813654888 0.5281088327196376 0.0005181120199357468 0.00031006703673709646 0.006196561833063561 0.04087864945321644 0.04087864945321672 2.0804566243210645e-05 2.0804566243199247e-05 0.00041810518172871616 0.0004181051817288288 0.16660267489212838 0.16660267489211938 0.000249262353879005 0.0002492623538788568 0.024263716748124168 0.02426371674811831 
 1493.858110035851 0.28278126928131536 0.28278126928131037 0.06700694186578503 0.0670069418657861 0.006309440972450143 0.006309440972449955 0.006309440972449924 0.0063094409724498614 0.0615259973413423 0.061525997341342814 0.007270456112655075 0.007270456112659845 0.00727045611265781 0.007270456112657042 0.061525997341340226 0.06152599734134678 
 1560.0414945854984 0.27819801440838376 0.27819801440838665 0.061553479668953935 0.06155347966895326 0.00929638273805121 0.00929638273805109 0.0092963827380512 0.009296382738051178 0.06564547337439666 0.06564547337439856 0.005182396848881493 0.0051823968488824805 0.005182396848882527 0.005182396848881961 0.06564547337439458 0.0656454733743975 
 1609.9883568187702 0.15094573902011754 1.9969571133020297e-05 6.308164697035864e-07 0.0013073244166155482 0.11320220554685402 0.11320220554685961 5.036858807222733e-05 5.0368588072284706e-05 0.0008200061036935891 0.0008200061036936999 0.12918176783346538 0.12918176783347468 5.816088265146372e-05 5.81608826513613e-05 0.18055065913308557 0.1805506591330902 
 1609.9883568187718 1.996957113302259e-05 0.1509457390201155 0.001307324416615511 6.308164697033559e-07 5.0368588072319644e-05 5.03685880721926e-05 0.11320220554684626 0.11320220554686614 0.1805506591330722 0.18055065913310386 5.816088265153259e-05 5.816088265128705e-05 0.12918176783348756 0.12918176783345428 0.0008200061036937598 0.0008200061036935309 
 1622.3587428699454 0.06808479286584337 0.0680847928658439 0.010544500705341062 0.010544500705341004 0.04314468869459212 0.04314468869458539 0.043144688694597665 0.04314468869457874 0.0684458018363023 0.0684458018362724 0.09909486268353618 0.09909486268352784 0.0990948626835148 0.09909486268354468 0.06844580183629384 0.06844580183628417 
 1658.4043942962978 0.06358655117034061 0.06358655117034195 0.013892644264601243 0.013892644264601047 0.03457742842252701 0.0345774284225276 0.03457742842252873 0.03457742842252723 0.06410076533718974 0.06410076533718749 0.11258220852281124 0.11258220852281259 0.11258220852281267 0.11258220852281446 0.06410076533718698 0.06410076533718825 
 3308.368042870923 2.3388322432063916e-06 4.1523057445576455e-05 1.0767047384202741e-05 7.036956091349618e-05 0.0005637201753723949 0.0005637201753724715 0.019999268754736198 0.019999268754735053 0.11767570469589622 0.11767570469589089 0.009824418893267402 0.009824418893268726 0.3485551870888156 0.3485551870888348 0.003319201142912145 0.003319201142912708 
 3308.3680428709235 4.152305744557559e-05 2.3388322432067926e-06 7.036956091349693e-05 1.0767047384203515e-05 0.01999926875473559 0.019999268754735542 0.0005637201753724401 0.0005637201753724318 0.0033192011429124552 0.0033192011429124257 0.3485551870888236 0.3485551870888232 0.009824418893267984 0.0098244188932681 0.11767570469589515 0.11767570469589508 
 3339.5709022646884 0.000798402177019519 0.0007984021770195327 0.0003109160320722537 0.0003109160320722431 0.011463092824782495 0.011463092824782388 0.011463092824782748 0.01146309282478347 0.0532696692909777 0.05326966929098332 0.1847125787796884 0.184712578779687 0.18471257877970468 0.18471257877969247 0.05326966929097693 0.05326966929097607 
 3348.6865498046354 1.590461186285997e-05 1.5904611862866094e-05 1.9774171564025208e-05 1.9774171564029944e-05 0.011251401134754363 0.011251401134754401 0.011251401134753609 0.01125140113475384 0.0950462755724074 0.0950462755724074 0.14368448390112704 0.14368448390112798 0.14368448390112054 0.14368448390111507 0.09504627557241291 0.09504627557241267 
 3457.137300465684 1.7487356952370243e-07 7.474651010078065e-06 2.517739737703634e-06 2.2381537259829996e-05 0.000562010630890081 0.0005620106308890813 0.0480353887602435 0.04803538876025158 0.34019139766751333 0.3401913976675729 0.001243400956361911 0.001243400956359522 0.10597038127039775 0.10597038127038125 0.003981146313785188 0.003981146313778339 
 3457.137300465685 7.4746510100783376e-06 1.7487356952373607e-07 2.23815372598299e-05 2.5177397377038197e-06 0.04803538876024914 0.0480353887602458 0.0005620106308897354 0.0005620106308894279 0.003981146313782872 0.003981146313780576 0.1059703812703945 0.10597038127038722 0.0012434009563604292 0.0012434009563610335 0.3401913976675521 0.34019139766752876 
 3458.871880290977 1.968223774882074e-08 1.968223774898487e-08 3.088425126196651e-05 3.0884251261962806e-05 0.02398488060254758 0.023984880602551592 0.023984880602555082 0.02398488060254682 0.17985049680674864 0.1798504968066882 0.046149170623980953 0.0461491706239892 0.0461491706239798 0.04614917062399669 0.17985049680669365 0.1798504968067228 
 3490.649072760458 0.0004366605340811678 0.00043666053408117654 0.0001777040778098634 0.00017770407780986412 0.023947600086289243 0.02394760008628955 0.023947600086287765 0.02394760008628835 0.13816539521608542 0.13816539521608814 0.08757982239167636 0.08757982239167725 0.08757982239167397 0.08757982239167167 0.13816539521609428 0.1381653952160959 
 